21358.911
21392.236
21425.552
21458.876
21492.193
21525.516
21558.839
21592.166
21625.483
21658.806
21692.124
21725.444
21758.769
21792.088
21825.407
21858.731
21892.049
21925.369
21958.691
21992.013
22025.334
22058.656
22091.976
22125.298
22158.619
22191.941
22225.261
22258.583
22291.904
22325.227
22358.547
22391.866
22425.192
22458.511
22491.832
22525.154
22558.476
22591.794
22625.115
22658.438
22691.759
22725.080
22758.401
22791.724
22825.053
22858.364
22891.688
22925.007
22958.328
22991.649
23024.969
23058.291
23091.613
23124.933
23158.257
23191.576
23224.898
23258.223
23291.541
23324.862
23358.184
23391.505
23424.825
23458.148
23491.466
23524.788
23558.110
23591.434
23624.753
23658.083
23691.396
23724.720
23758.038
23791.359
23824.679
23858.002
23891.324
23924.644
23957.972
23991.286
24024.606
24057.927
24091.250
24124.569
24157.892
24191.213
24224.534
24257.856
24291.178
24324.500
24357.821
24391.140
24424.462
24457.784
24491.105
24524.426
24557.746
24591.070
24624.389
24657.710
24691.032
24724.351
24757.675
24790.997
24824.315
24857.639
24890.961
24924.281
24957.603
24990.923
25024.243
25057.568
25090.889
25124.209
25157.527
25190.849
25224.172
25257.491
25290.815
25324.134
25357.456
25390.777
25424.099
25457.419
25490.745
25524.063
25557.382
25590.704
25624.025
25657.347
25690.668
25723.987
25757.310
25790.632
25823.954
25857.275
25890.596
25923.918
25957.239
25990.560
26023.882
26057.206
26090.527
26123.847
26157.169
26190.487
26223.809
26257.130
26290.456
26323.773
26357.093
26390.414
26423.734
26457.056
26490.376
26523.700
26557.020
26590.340
26623.664
26656.984
26690.306
26723.625
26756.947
26790.268
26823.589
26856.911
26890.234
26923.552
26956.874
26990.196
27023.516
27056.838
27090.159
27123.480
27156.802
27190.125
27223.446
27256.766
27290.091
27323.407
27356.730
27390.051
27423.371
27456.693
27490.037
27523.336
27556.656
27589.979
27623.305
27656.621
27689.942
27723.264
27756.583
27789.905
27823.226
27856.549
27889.868
27923.191
27956.512
27989.834
28023.153
28056.475
28089.796
28123.116
28156.438
28189.762
28223.082
28256.401
28289.725
28323.045
28356.367
28389.686
28423.008
28456.334
28489.651
28522.972
28556.293
28589.614
28622.935
28656.257
28689.579
28722.899
28756.220
28789.541
28822.863
28856.185
28889.506
28922.827
28956.149
28989.469
29022.790
29056.111
29089.435
29122.752
29156.076
29189.397
29222.717
29256.039
29289.364
29322.682
29356.005
29389.324
29422.643
29455.965
29489.289
29522.609
29555.930
29589.252
29622.573
29655.891
29689.214
29722.537
29755.857
29789.178
29822.500
29855.821
29889.141
29922.462
29955.784
29989.105
30022.428
30055.748
30089.069
30122.390
30155.710
30189.032
30222.352
30255.674
30288.995
30322.317
30355.657
30388.959
30422.280
30455.604
30488.922
30522.245
30555.566
30588.893
30622.210
30655.531
30688.849
30722.172
30755.494
30788.815
30822.135
30855.457
30888.779
30922.099
30955.423
30988.742
31022.063
31055.384
31088.706
31122.026
31155.349
31188.671
31222.004
31255.313
31288.633
31321.954
